myVar1 <- 4
myVar2 <- 2
